%N = 784;
%M = 16;
%M2 = 10;
%K = 10;
N = 784;
M = 10;
K = 2;

Y = 0.0001;

n = 300000;
m = 200;