%N = 784;
%M = 16;
%M2 = 10;
%K = 10;
N = 25;
M = 6;
K = 2;

Y = 0.001;

n = 1000;
m = 10;