N = 784;
M = 16;
M2 = 10;
K = 10;

Y = 0.001;

n = 100000;
m = 100;